0.00446513 0
0.00251671 1
0.00990447 2
0.0108787 3
0.00194842 4
0.00192136 5
0.0170216 6
0.00730658 7
0.00963386 8
0.0130977 9
0.00814548 10
0.00100127 11
0.0285768 12
0.0115552 13
0.0115823 14
0.00779368 15
0.0166157 16
0.0113387 17
0.00127189 18
0.00110952 19
0.0111222 20
0.0096068 21
0.00627825 22
0.0113658 23
0.00641355 24
0.0081996 25
0.00920088 26
0.00741482 27
0.0097421 28
0.00730658 29
0.00730658 30
0.00757719 31
0.00527697 32
0.0110952 33
0.00765838 34
0.00733364 35
0.010148 36
0.333315 37
0.345953 38
