0.0519887 0
0.00428029 1
0.119608 2
0.00832011 3
0.0281345 4
0.0254413 5
0.0110614 6
0.00331842 7
0.0990718 8
0.018612 9
0.0500649 10
0.0183235 11
0.0021161 12
0.00144279 13
0.016015 14
0.0376569 15
0.00851248 16
0.0176502 17
0.00355889 18
0.0343385 19
0.0133218 20
0.0101957 21
0.104795 22
0.0235656 23
0.0257298 24
0.0213052 25
0.00572308 26
0.0205358 27
0.0196701 28
0.0269802 29
0.0266436 30
0.0181792 31
0.0403501 32
0.0134661 33
0.013418 34
0.0244794 35
0.00461694 36
0.00860867 37
0.0189006 38
