0.00095511 0
0.0238777 1
0.00764088 2
0.0181471 3
0.00477555 4
0.0181471 5
0.0181471 6
0.0191022 7
0.0315186 8
0.0334288 9
0.00573066 10
0.0888252 11
0.0429799 12
0.0372493 13
0.0544413 14
0.0152818 15
0.0382044 16
0.0124164 17
0.0152818 18
0.0324737 19
0.017192 20
0.0401146 21
0.00764088 22
0.0353391 23
0.0191022 24
0.0248329 25
0.0477555 26
0.0162369 27
0.025788 28
0.0124164 29
0.00764088 30
0.0143266 31
0.0162369 32
0.00859599 33
0.0229226 34
0.0219675 35
0.0248329 36
0.00764088 37
0.00191022 38
0.0468004 39
0.00477555 40
0.0133715 41
0.0439351 42
