0.0197063 0
0.0139104 1
0.0498454 2
0.000386399 3
0.0347759 4
0.0305255 5
0.0119784 6
0.0452087 7
0.0378671 8
0.0251159 9
0.0231839 10
0.0251159 11
0.0123648 12
0.0239567 13
0.0227975 14
0.0363215 15
0.013524 16
0.0224111 17
0.0243431 18
0.0274343 19
0.00965997 20
0.0251159 21
0.0173879 22
0.0142968 23
0.0227975 24
0.0340031 25
0.0173879 26
0.0173879 27
0.0181607 28
0.00772798 29
0.0239567 30
0.011592 31
0.0139104 32
0.0305255 33
0.0297527 34
0.0231839 35
0.0231839 36
0.0212519 37
0.00927357 38
0.0293663 39
0.011592 40
0.0131376 41
0.0274343 42
0.0239567 43
0.0216383 44
0.0015456 45
