0.040171 0
0.00945201 1
0.0142905 2
0.0625633 3
0.00168786 4
0.0252054 5
0.0453471 6
0.00326319 7
0.0136154 8
0.0099021 9
0.0144031 10
0.0105772 11
0.0099021 12
0.00213795 13
0.0216046 14
0.0267807 15
0.0223923 16
0.0101272 17
0.028131 18
0.00978958 19
0.014178 20
0.0126027 21
0.00911444 22
0.0245302 23
0.0193541 24
0.0150782 25
0.00821425 26
0.0310566 27
0.0119275 28
0.0290312 29
0.0342073 30
0.0301564 31
0.00596377 32
0.0174412 33
0.0213795 34
0.0136154 35
0.0433217 36
0.00978958 37
0.00821425 38
0.0140655 39
0.0528862 40
0.0217171 41
0.0364577 42
0.0230674 43
0.025768 44
0.0277934 45
0.0128277 46
0.0124902 47
0.01159 48
0.0123776 49
0.00843929 50
