0.0434378 0
0.00589513 1
0.042507 2
0.0192367 3
0.00279243 4
0.042507 5
0.00186162 6
0.0369221 7
0.04592 8
0.00403351 9
0.0189265 10
0.0617437 11
0.027614 12
0.00093081 13
0.0347502 14
0.0511945 15
0.0245113 16
0.00062054 17
0.0136519 18
0.00341297 19
0.0136519 20
0.0133416 21
0.0437481 22
0.0102389 23
0.0155135 24
0.0217189 25
0.0577102 26
0.00651567 27
0.039094 28
0.00186162 29
0.00372324 30
0.00248216 31
0.0226497 32
0.00031027 33
0.00899783 34
0.0431275 35
0.055228 36
0.00775675 37
0.0499535 38
0.0232702 39
0.0254421 40
0.0235805 41
0.0031027 42
0.0124108 43
0.0108594 44
0.00124108 45
