0.0122164 0
0.0831879 1
0.0133799 2
0.00465387 3
0.00930774 4
0.00639907 5
0.0343223 6
0.08726 7
0.0133799 8
0.0267597 9
0.00407213 10
0.0186155 11
0.052356 12
0.0186155 13
0.0162885 14
0.0197789 15
0.0127981 16
0.0535195 17
0.0145433 18
0.0104712 19
0.0151251 20
0.0366492 21
0.0622455 22
0.00756254 23
0.0122164 24
0.017452 25
0.0250145 26
0.00290867 27
0.0203607 28
0.0133799 29
0.0250145 30
0.0180337 31
0.008726 32
0.0017452 33
0.0238511 34
0.017452 35
0.080861 36
0.0541012 37
0.0395579 38
0.00581734 39
