0.0234924 0
0.0222814 1
0.0111407 2
0.0411722 3
0.0142892 4
0.049891 5
0.0249455 6
0.0121095 7
0.026883 8
0.0125938 9
0.035844 10
0.00557036 11
0.0104141 12
0.0116251 13
0.014047 14
0.00992977 15
0.0135626 16
0.0523129 17
0.00339065 18
0.00750787 19
0.0167111 20
0.0196173 21
0.0167111 22
0.0285783 23
0.0167111 24
0.0213127 25
0.019133 26
0.0201017 27
0.0239767 28
0.0225236 29
0.0106563 30
0.0227658 31
0.0232502 32
0.0145314 33
0.00968758 34
0.0176798 35
0.0167111 36
0.0169533 37
0.00896101 38
0.0394769 39
0.0237346 40
0.012836 41
0.0426253 42
0.0135626 43
0.00799225 44
0.0104141 45
0.0164689 46
0.0164689 47
0.04093 48
0.0123517 49
0.0135626 50
