0.0152914 0
0.0124062 1
0.0351991 2
0.0175995 3
0.0210617 4
0.034045 5
0.0403924 6
0.0187536 7
0.0308713 8
0.0155799 9
0.0155799 10
0.0219273 11
0.0369302 12
0.0300058 13
0.00663589 14
0.0150029 15
0.00605886 16
0.0375072 17
0.0152914 18
0.00980958 19
0.0150029 20
0.0227928 21
0.00807848 22
0.0291402 23
0.0144259 24
0.0164455 25
0.0357761 26
0.017311 27
0.0305828 28
0.0282747 29
0.0285632 30
0.0103866 31
0.0109636 32
0.00490479 33
0.0135603 34
0.0230814 35
0.0124062 36
0.0138488 37
0.034622 38
0.000865551 39
0.0349106 40
0.0279862 41
0.0291402 42
0.0184651 43
0.00807848 44
0.0574149 45
0.0170225 46
