0.0463056 0
0.0117318 1
0.00279699 2
0.0147619 3
0.0326315 4
0.00411778 5
0.0773833 6
0.0220651 7
0.0477041 8
0.0101779 9
0.0186466 10
0.027426 11
0.0163157 12
0.00924559 13
0.00551628 14
0.0413332 15
0.0107218 16
0.0216766 17
0.0210551 18
0.0116541 19
0.00551628 20
0.0149949 21
0.0103333 22
0.0219874 23
0.079481 24
0.0139072 25
0.0412555 26
0.0025639 27
0.0259498 28
0.0346515 29
0.0603683 30
0.0355062 31
0.0626214 32
0.0172481 33
0.0133634 34
0.0187243 35
0.0254836 36
0.0122757 37
0.0505011 38
