0.0312392 0
0.0142312 1
0.0329747 2
0.00242971 3
0.0149254 4
0.00277681 5
0.0124957 6
0.00312392 7
0.00624783 8
0.0298507 9
0.0360986 10
0.00451232 11
0.0305449 12
0.0360986 13
0.00902464 14
0.0288094 15
0.0465116 16
0.0249913 17
0.0301978 18
0.00624783 19
0.027421 20
0.00971885 21
0.0774037 22
0.0475529 23
0.0225616 24
0.0319334 25
0.0180493 26
0.000347102 27
0.00728914 28
0.00381812 29
0.0305449 30
0.0288094 31
0.0392225 33
0.00104131 34
0.0295036 35
0.0326276 36
0.0145783 37
0.0128428 38
0.0236029 39
0.0256855 40
0.0288094 41
0.0301978 42
0.0281152 43
0.0249913 44
