0.0291344 0
0.0106096 1
0.0284608 2
0.0281239 3
0.0163355 4
0.00269451 5
0.0139778 6
0.0109464 7
0.0237454 8
0.0138094 9
0.0282924 10
0.00875716 11
0.0485012 12
0.0279555 13
0.0126305 14
0.0761199 15
0.0168407 16
0.0326709 17
0.0392388 18
0.0203772 19
0.00319973 20
0.0267767 21
0.0301448 22
0.0208825 23
0.00993601 24
0.0210509 25
0.0208825 26
0.0175143 27
0.0239138 28
0.0165039 29
0.0230717 30
0.0185248 31
0.0266083 32
0.0234086 33
0.0111149 34
0.020714 35
0.0200404 36
0.0267767 37
0.0284608 38
0.00168407 39
0.0330077 40
0.0525429 41
0.0340182 42
