0.0046875 0
0.00078125 1
0.0644531 2
0.00507813 3
0.0488281 4
0.0550781 5
0.00273438 6
0.0171875 7
0.0382812 8
0.0164063 9
0.00273438 10
0.0628906 11
0.0226562 12
0.0421875 13
0.0851563 14
0.0121094 15
0.0132813 16
0.0484375 17
0.0300781 18
0.00507813 19
0.0101563 20
0.0125 21
0.00546875 22
0.003125 23
0.0539062 24
0.00351563 25
0.003125 26
0.00273438 27
0.0507812 28
0.0464844 29
0.110156 30
0.00429688 31
0.0195313 32
0.0214844 33
0.0515625 34
0.00117188 35
0.00195313 36
0.0078125 37
0.00625 38
0.00351563 39
0.00234375 40
