0.0300078 0
0.0171473 1
0.0190959 2
0.0187062 3
0.0296181 4
0.0253313 5
0.014809 6
0.0132502 7
0.0226033 8
0.0171473 9
0.0272798 10
0.0249415 11
0.00116913 12
0.0214341 13
0.0253313 14
0.0319564 15
0.0319564 16
0.0167576 17
0.020265 18
0.00779423 19
0.0233827 20
0.0237724 21
0.0210444 22
0.000389712 23
0.0171473 24
0.0140296 25
0.00857366 26
0.0198753 27
0.00857366 28
0.0124708 29
0.0288387 30
0.0226033 31
0.0218239 32
0.000389712 33
0.0190959 34
0.00779423 35
0.0280592 36
0.0155885 37
0.0261107 38
0.0241621 39
0.0155885 40
0.0136399 41
0.00272798 43
0.0179267 44
0.0206547 45
0.0066251 46
0.00779423 47
0.0136399 48
0.0167576 49
0.0210444 50
0.022993 51
0.0171473 52
0.00155885 53
0.0249415 54
0.00272798 56
0.0268901 57
0.00701481 58
