0.0254687 0
0.0318359 1
0.00813583 2
0.00636717 3
0.0077821 4
0.0137955 5
0.00565971 6
0.00919703 7
0.0155642 8
0.00176866 9
0.0208702 10
0.0159179 11
0.0215776 12
0.000353732 13
0.0137955 14
0.00919703 15
0.0318359 16
0.00919703 17
0.000353732 18
0.0169791 19
0.0169791 20
0.0173329 21
0.014503 22
0.0116732 23
0.0272374 24
0.0233463 25
0.0120269 26
0.0137955 27
0.0148567 28
0.0187478 29
0.0176866 30
0.0244075 31
0.000707464 32
0.0077821 33
0.0159179 34
0.0258224 35
0.0205164 36
0.0215776 37
0.0237 38
0.039618 39
0.000353732 40
0.0226388 41
0.0237 42
0.0159179 43
0.00601344 44
0.0275911 45
0.034312 46
0.00212239 47
0.019809 48
0.0205164 49
0.0215776 50
0.0155642 51
0.0162717 52
0.0282985 53
0.0123806 54
0.0169791 55
0.0346657 56
0.0215776 57
0.0159179 58
0.00990449 59
